   1.4400000e+02   5.0800000e+02
   1.4400000e+02   5.0800000e+02
   1.4400000e+02   5.0800000e+02
   1.3795856e+02   5.0925476e+02
   1.3071097e+02   5.1055939e+02
   1.2376273e+02   5.1152411e+02
   1.1885736e+02   5.1196177e+02
   1.1363593e+02   5.1209563e+02
   1.0972632e+02   5.1185510e+02
   1.0614313e+02   5.1121922e+02
   1.0304992e+02   5.1012023e+02
   1.0074955e+02   5.0867746e+02
   9.9097970e+01   5.0695422e+02
   9.7957001e+01   5.0497932e+02
   9.7255062e+01   5.0288843e+02
   9.6846038e+01   5.0050436e+02
   9.6702654e+01   4.9797478e+02
   9.6773435e+01   4.9500948e+02
   9.7027386e+01   4.9174861e+02
   9.7351466e+01   4.8869662e+02
   9.7747274e+01   4.8526575e+02
   9.8091683e+01   4.8213102e+02
   9.8451076e+01   4.7838518e+02
   9.8752482e+01   4.7471634e+02
   9.9017762e+01   4.7093184e+02
   9.9233364e+01   4.6731337e+02
   9.9433461e+01   4.6331615e+02
   9.9591238e+01   4.5950631e+02
   9.9733888e+01   4.5525029e+02
   9.9870141e+01   4.4985098e+02
   9.9952721e+01   4.4518720e+02
   1.0001163e+02   4.3997447e+02
   1.0003923e+02   4.3497641e+02
   1.0004240e+02   4.3008338e+02
   1.0002453e+02   4.2510669e+02
   9.9994664e+01   4.2087564e+02
   9.9950801e+01   4.1645219e+02
   9.9893891e+01   4.1190422e+02
   9.9815494e+01   4.0666216e+02
   9.9728266e+01   4.0157191e+02
   9.9626588e+01   3.9620734e+02
   9.9525000e+01   3.9122796e+02
   9.9412162e+01   3.8598165e+02
   9.9280408e+01   3.8009190e+02
   9.9158177e+01   3.7475562e+02
   9.9056802e+01   3.7036890e+02
   9.8932206e+01   3.6496842e+02
   9.8803383e+01   3.5930774e+02
   9.8679082e+01   3.5369556e+02
   9.8552890e+01   3.4775018e+02
   9.8445746e+01   3.4240389e+02
   9.8338808e+01   3.3665464e+02
   9.8265718e+01   3.3237354e+02
   9.8189757e+01   3.2746379e+02
   9.8118301e+01   3.2216012e+02
   9.8061482e+01   3.1708919e+02
   9.8013715e+01   3.1155220e+02
   9.7983071e+01   3.0617659e+02
   9.7970024e+01   3.0135371e+02
   9.7973740e+01   2.9568755e+02
   9.7997710e+01   2.9034764e+02
   9.8040271e+01   2.8525715e+02
   9.8104435e+01   2.7995480e+02
   9.8178017e+01   2.7520828e+02
   9.8265537e+01   2.7047952e+02
   9.8383217e+01   2.6501136e+02
   9.8504843e+01   2.6002188e+02
   9.8646699e+01   2.5475513e+02
   9.8804788e+01   2.4936603e+02
   9.8959105e+01   2.4445211e+02
   9.9136108e+01   2.3912108e+02
   9.9286721e+01   2.3477644e+02
   9.9467874e+01   2.2972365e+02
   9.9631376e+01   2.2528285e+02
   9.9802386e+01   2.2072303e+02
   9.9974444e+01   2.1619104e+02
   1.0015184e+02   2.1154520e+02
   1.0036012e+02   2.0608234e+02
   1.0053552e+02   2.0143608e+02
   1.0069643e+02   1.9710273e+02
   1.0087218e+02   1.9224768e+02
   1.0102376e+02   1.8791299e+02
   1.0120754e+02   1.8238970e+02
   1.0133837e+02   1.7820089e+02
   1.0147062e+02   1.7364653e+02
   1.0159135e+02   1.6906878e+02
   1.0169985e+02   1.6440531e+02
   1.0178144e+02   1.6030812e+02
   1.0184333e+02   1.5657076e+02
   1.0189783e+02   1.5229571e+02
   1.0193048e+02   1.4844365e+02
   1.0194671e+02   1.4400932e+02
   1.0193634e+02   1.3932266e+02
   1.0189970e+02   1.3506203e+02
   1.0183660e+02   1.3091598e+02
   1.0172789e+02   1.2617714e+02
   1.0161597e+02   1.2255590e+02
   1.0146154e+02   1.1857959e+02
   1.0128009e+02   1.1477372e+02
   1.0103494e+02   1.1052370e+02
   1.0074195e+02   1.0629188e+02
   1.0044419e+02   1.0261792e+02
   1.0009786e+02   9.8898979e+01
   9.9674303e+01   9.4935012e+01
   9.9205877e+01   9.1099831e+01
   9.8707238e+01   8.7490957e+01
   9.8166876e+01   8.4003343e+01
   9.7664192e+01   8.1064895e+01
   9.7100533e+01   7.7956622e+01
   9.6535043e+01   7.4849708e+01
   9.5969160e+01   7.1515881e+01
   9.5521195e+01   6.8314405e+01
   9.5283125e+01   6.5770799e+01
   9.5208968e+01   6.3496842e+01
   9.5317690e+01   6.1354006e+01
   9.5686426e+01   5.9219491e+01
   9.6331972e+01   5.7378153e+01
   9.7419760e+01   5.5632037e+01
   9.8829651e+01   5.4296159e+01
   1.0045525e+02   5.3321343e+01
   1.0258154e+02   5.2501738e+01
   1.0530988e+02   5.1873055e+01
   1.0866657e+02   5.1483534e+01
   1.1174294e+02   5.1361678e+01
   1.1490567e+02   5.1394569e+01
   1.1815607e+02   5.1547815e+01
   1.2129119e+02   5.1779689e+01
   1.2511832e+02   5.2143977e+01
   1.2902462e+02   5.2580649e+01
   1.3382947e+02   5.3174391e+01
   1.3818921e+02   5.3740723e+01
   1.4241983e+02   5.4294324e+01
   1.4692824e+02   5.4868259e+01
   1.5106237e+02   5.5363388e+01
   1.5537631e+02   5.5842713e+01
   1.6105175e+02   5.6416789e+01
   1.6521933e+02   5.6798624e+01
   1.6912892e+02   5.7127115e+01
   1.7377080e+02   5.7480796e+01
   1.7839834e+02   5.7795233e+01
   1.8221229e+02   5.8026577e+01
   1.8638273e+02   5.8251602e+01
   1.9102739e+02   5.8468863e+01
   1.9547152e+02   5.8644883e+01
   1.9983744e+02   5.8788473e+01
   2.0460705e+02   5.8913268e+01
   2.0923399e+02   5.9003501e+01
   2.1276405e+02   5.9052661e+01
   2.1657770e+02   5.9087295e+01
   2.2102549e+02   5.9104322e+01
   2.2456655e+02   5.9100569e+01
   2.2891208e+02   5.9075867e+01
   2.3329095e+02   5.9029560e+01
   2.3799037e+02   5.8957175e+01
   2.4231314e+02   5.8870997e+01
   2.4637922e+02   5.8773804e+01
   2.5002196e+02   5.8674230e+01
   2.5386840e+02   5.8557057e+01
   2.5774545e+02   5.8427279e+01
   2.6176242e+02   5.8281396e+01
   2.6624556e+02   5.8106098e+01
   2.7008834e+02   5.7946431e+01
   2.7395535e+02   5.7778026e+01
   2.7805957e+02   5.7591955e+01
   2.8138021e+02   5.7436747e+01
   2.8525752e+02   5.7251272e+01
   2.8841749e+02   5.7097516e+01
   2.9186486e+02   5.6927973e+01
   2.9641369e+02   5.6702923e+01
   3.0009401e+02   5.6521152e+01
   3.0393735e+02   5.6333120e+01
   3.0773718e+02   5.6150525e+01
   3.1119771e+02   5.5988467e+01
   3.1452255e+02   5.5837819e+01
   3.1752179e+02   5.5707220e+01
   3.2096552e+02   5.5564768e+01
   3.2455391e+02   5.5426508e+01
   3.2776952e+02   5.5313003e+01
   3.3167436e+02   5.5190647e+01
   3.3457262e+02   5.5112447e+01
   3.3805536e+02   5.5034769e+01
   3.4078424e+02   5.4987857e+01
   3.4356493e+02   5.4953641e+01
   3.4648164e+02   5.4932501e+01
   3.4961487e+02   5.4926437e+01
   3.5229321e+02   5.4934702e+01
   3.5510985e+02   5.4956471e+01
   3.5794024e+02   5.4991476e+01
   3.6111010e+02   5.5045723e+01
   3.6421259e+02   5.5113479e+01
   3.6721305e+02   5.5191991e+01
   3.7003762e+02   5.5276767e+01
   3.7300833e+02   5.5376390e+01
   3.7569351e+02   5.5474822e+01
   3.7888599e+02   5.5601051e+01
   3.8156447e+02   5.5713675e+01
   3.8428404e+02   5.5833337e+01
   3.8756203e+02   5.5983348e+01
   3.9025654e+02   5.6110281e+01
   3.9336127e+02   5.6259307e+01
   3.9588275e+02   5.6381601e+01
   3.9854028e+02   5.6510860e+01
   4.0154269e+02   5.6656330e+01
   4.0444939e+02   5.6795570e+01
   4.0721875e+02   5.6925882e+01
   4.1068934e+02   5.7084749e+01
   4.1386755e+02   5.7224793e+01
   4.1635540e+02   5.7330140e+01
   4.1970213e+02   5.7465140e+01
   4.2283582e+02   5.7583843e+01
   4.2579296e+02   5.7688438e+01
   4.2888709e+02   5.7789660e+01
   4.3231229e+02   5.7891392e+01
   4.3527881e+02   5.7970373e+01
   4.3950487e+02   5.8067754e+01
   4.4259251e+02   5.8127387e+01
   4.4659219e+02   5.8189926e+01
   4.5016781e+02   5.8231647e+01
   4.5355440e+02   5.8258767e+01
   4.5700757e+02   5.8274018e+01
   4.6052987e+02   5.8276740e+01
   4.6384483e+02   5.8267558e+01
   4.6773522e+02   5.8242429e+01
   4.7153744e+02   5.8203109e+01
   4.7565967e+02   5.8144295e+01
   4.7993824e+02   5.8065814e+01
   4.8413111e+02   5.7972082e+01
   4.8822874e+02   5.7864795e+01
   4.9228646e+02   5.7743674e+01
   4.9616557e+02   5.7614408e+01
   5.0066585e+02   5.7448402e+01
   5.0568754e+02   5.7243455e+01
   5.1026572e+02   5.7039099e+01
   5.1604248e+02   5.6758290e+01
   5.2167971e+02   5.6460528e+01
   5.2731238e+02   5.6140561e+01
   5.3285362e+02   5.5804791e+01
   5.3861333e+02   5.5434616e+01
   5.4460098e+02   5.5027876e+01
   5.4996651e+02   5.4648048e+01
   5.5640300e+02   5.4197961e+01
   5.6271811e+02   5.3795295e+01
   5.6840082e+02   5.3497592e+01
   5.7364112e+02   5.3309175e+01
   5.7839512e+02   5.3243952e+01
   5.8297590e+02   5.3320844e+01
   5.8745960e+02   5.3598524e+01
   5.9169815e+02   5.4167747e+01
   5.9540804e+02   5.5143610e+01
   5.9762173e+02   5.6189636e+01
   5.9948550e+02   5.7695048e+01
   6.0083579e+02   5.9864871e+01
   6.0128139e+02   6.1560229e+01
   6.0136206e+02   6.4033528e+01
   6.0099469e+02   6.6573749e+01
   6.0014907e+02   6.9724834e+01
   5.9922363e+02   7.2400688e+01
   5.9799243e+02   7.5570290e+01
   5.9688261e+02   7.8297957e+01
   5.9564349e+02   8.1357611e+01
   5.9454234e+02   8.4207260e+01
   5.9343818e+02   8.7278746e+01
   5.9229939e+02   9.0717001e+01
   5.9117386e+02   9.4441678e+01
   5.9022511e+02   9.7890792e+01
   5.8934917e+02   1.0138683e+02
   5.8854417e+02   1.0492872e+02
   5.8785650e+02   1.0826830e+02
   5.8721845e+02   1.1169579e+02
   5.8675192e+02   1.1445524e+02
   5.8619615e+02   1.1810350e+02
   5.8571401e+02   1.2168852e+02
   5.8523671e+02   1.2577840e+02
   5.8489067e+02   1.2923001e+02
   5.8457862e+02   1.3287142e+02
   5.8430551e+02   1.3670604e+02
   5.8411762e+02   1.3992804e+02
   5.8394474e+02   1.4366226e+02
   5.8381350e+02   1.4753610e+02
   5.8373437e+02   1.5105448e+02
   5.8369026e+02   1.5470829e+02
   5.8368340e+02   1.5855498e+02
   5.8371660e+02   1.6254082e+02
   5.8379679e+02   1.6689405e+02
   5.8391334e+02   1.7104938e+02
   5.8407457e+02   1.7540349e+02
   5.8430053e+02   1.8030560e+02
   5.8452082e+02   1.8436713e+02
   5.8475149e+02   1.8815748e+02
   5.8499781e+02   1.9184785e+02
   5.8536347e+02   1.9685166e+02
   5.8567695e+02   2.0081484e+02
   5.8601113e+02   2.0479387e+02
   5.8639710e+02   2.0914629e+02
   5.8691322e+02   2.1465523e+02
   5.8735608e+02   2.1916438e+02
   5.8783540e+02   2.2386984e+02
   5.8828642e+02   2.2816606e+02
   5.8878938e+02   2.3283820e+02
   5.8928432e+02   2.3733976e+02
   5.8974744e+02   2.4148524e+02
   5.9023088e+02   2.4576063e+02
   5.9081770e+02   2.5090044e+02
   5.9131741e+02   2.5525160e+02
   5.9181871e+02   2.5960794e+02
   5.9222822e+02   2.6316979e+02
   5.9274208e+02   2.6765593e+02
   5.9327337e+02   2.7232905e+02
   5.9371633e+02   2.7626549e+02
   5.9422170e+02   2.8081735e+02
   5.9470465e+02   2.8524550e+02
   5.9513174e+02   2.8924170e+02
   5.9557473e+02   2.9348156e+02
   5.9607428e+02   2.9839366e+02
   5.9648651e+02   3.0256522e+02
   5.9691004e+02   3.0697778e+02
   5.9730294e+02   3.1120168e+02
   5.9769887e+02   3.1560357e+02
   5.9810580e+02   3.2030403e+02
   5.9850986e+02   3.2517903e+02
   5.9882359e+02   3.2913289e+02
   5.9915986e+02   3.3356519e+02
   5.9948281e+02   3.3804870e+02
   5.9977518e+02   3.4234079e+02
   6.0007971e+02   3.4710463e+02
   6.0034452e+02   3.5155487e+02
   6.0058262e+02   3.5587295e+02
   6.0082104e+02   3.6059655e+02
   6.0101178e+02   3.6476888e+02
   6.0121227e+02   3.6969920e+02
   6.0133742e+02   3.7319225e+02
   6.0146504e+02   3.7726453e+02
   6.0157478e+02   3.8143986e+02
   6.0167260e+02   3.8618391e+02
   6.0172507e+02   3.8962597e+02
   6.0176634e+02   3.9369448e+02
   6.0178509e+02   3.9843857e+02
   6.0177496e+02   4.0252651e+02
   6.0173427e+02   4.0705271e+02
   6.0167811e+02   4.1070168e+02
   6.0158101e+02   4.1512657e+02
   6.0145366e+02   4.1946998e+02
   6.0130344e+02   4.2356430e+02
   6.0110516e+02   4.2802421e+02
   6.0090844e+02   4.3179228e+02
   6.0066788e+02   4.3581337e+02
   6.0042763e+02   4.3937231e+02
   6.0015389e+02   4.4301906e+02
   5.9983912e+02   4.4680499e+02
   5.9948417e+02   4.5067279e+02
   5.9910266e+02   4.5446012e+02
   5.9869541e+02   4.5816749e+02
   5.9827623e+02   4.6169068e+02
   5.9783478e+02   4.6513657e+02
   5.9725369e+02   4.6933137e+02
   5.9663655e+02   4.7343647e+02
   5.9609456e+02   4.7679420e+02
   5.9550461e+02   4.8022570e+02
   5.9478826e+02   4.8412595e+02
   5.9415949e+02   4.8743165e+02
   5.9360445e+02   4.9047143e+02
   5.9308488e+02   4.9373448e+02
   5.9273484e+02   4.9675190e+02
   5.9259446e+02   4.9990062e+02
   5.9276045e+02   5.0251301e+02
   5.9330808e+02   5.0497730e+02
   5.9437633e+02   5.0719323e+02
   5.9575217e+02   5.0874064e+02
   5.9746894e+02   5.0990983e+02
   5.9979532e+02   5.1088426e+02
   6.0272171e+02   5.1158487e+02
   6.0678765e+02   5.1201437e+02
   6.1023454e+02   5.1207313e+02
   6.1449701e+02   5.1189323e+02
   6.1892241e+02   5.1150162e+02
   6.2291090e+02   5.1102300e+02
   6.2631794e+02   5.1054623e+02
   6.3008112e+02   5.0996807e+02
   6.3483882e+02   5.0918943e+02
   6.3797975e+02   5.0866367e+02
   6.4194171e+02   5.0800942e+02
   6.4510708e+02   5.0751072e+02
   6.4892382e+02   5.0694887e+02
   6.5243119e+02   5.0647775e+02
   6.5567478e+02   5.0608693e+02
   6.5899968e+02   5.0573685e+02
   6.6203428e+02   5.0546616e+02
   6.6502700e+02   5.0524752e+02
   6.6842654e+02   5.0505884e+02
   6.7072583e+02   5.0496694e+02
   6.7377567e+02   5.0488783e+02
   6.7714418e+02   5.0485338e+02
   6.8046992e+02   5.0486820e+02
   6.8405323e+02   5.0493091e+02
   6.8724798e+02   5.0502107e+02
   6.9114715e+02   5.0516636e+02
   6.9482324e+02   5.0533119e+02
   6.9886824e+02   5.0553593e+02
   7.0333640e+02   5.0578244e+02
   7.0737641e+02   5.0601779e+02
   7.1233364e+02   5.0631651e+02
   7.1814322e+02   5.0667350e+02
   7.2343504e+02   5.0700009e+02
   7.2974241e+02   5.0738650e+02
   7.3614146e+02   5.0777188e+02
   7.4172534e+02   5.0810077e+02
   7.4766958e+02   5.0843587e+02
   7.5477302e+02   5.0879266e+02
   7.6099246e+02   5.0904302e+02
   7.6920014e+02   5.0923798e+02
   7.7563498e+02   5.0922716e+02
   7.8142229e+02   5.0901957e+02
   7.8647710e+02   5.0857689e+02
   7.9103344e+02   5.0775726e+02
   7.9393276e+02   5.0675870e+02
   7.9612432e+02   5.0537141e+02
   7.9737958e+02   5.0376770e+02
   7.9794389e+02   5.0147826e+02
   7.9779010e+02   4.9960017e+02
   7.9720712e+02   4.9744932e+02
   7.9615420e+02   4.9486346e+02
   7.9490882e+02   4.9232725e+02
   7.9334641e+02   4.8938986e+02
   7.9175381e+02   4.8642984e+02
   7.9007700e+02   4.8315771e+02
   7.8893104e+02   4.8071619e+02
   7.8731796e+02   4.7688831e+02
   7.8599622e+02   4.7332959e+02
   7.8469537e+02   4.6934772e+02
   7.8368677e+02   4.6583671e+02
   7.8279963e+02   4.6234864e+02
   7.8197566e+02   4.5866833e+02
   7.8120981e+02   4.5473350e+02
   7.8058392e+02   4.5100694e+02
   7.8006054e+02   4.4738871e+02
   7.7960625e+02   4.4370805e+02
   7.7913342e+02   4.3903844e+02
   7.7877274e+02   4.3446941e+02
   7.7849026e+02   4.2962971e+02
   7.7829444e+02   4.2457930e+02
   7.7818996e+02   4.1951549e+02
   7.7816682e+02   4.1538486e+02
   7.7819463e+02   4.1127700e+02
   7.7830326e+02   4.0582756e+02
   7.7844854e+02   4.0135132e+02
   7.7867925e+02   3.9606630e+02
   7.7899685e+02   3.9030696e+02
   7.7933021e+02   3.8520543e+02
   7.7970497e+02   3.8013780e+02
   7.8005462e+02   3.7582939e+02
   7.8047788e+02   3.7099313e+02
   7.8093285e+02   3.6613321e+02
   7.8141647e+02   3.6125268e+02
   7.8199590e+02   3.5569545e+02
   7.8253050e+02   3.5078110e+02
   7.8305906e+02   3.4607642e+02
   7.8364542e+02   3.4099591e+02
   7.8417544e+02   3.3649990e+02
   7.8477626e+02   3.3148584e+02
   7.8544742e+02   3.2595676e+02
   7.8606920e+02   3.2087458e+02
   7.8672775e+02   3.1550637e+02
   7.8731161e+02   3.1073702e+02
   7.8790791e+02   3.0583438e+02
   7.8846948e+02   3.0116680e+02
   7.8910550e+02   2.9579238e+02
   7.8965755e+02   2.9102247e+02
   7.9030323e+02   2.8527470e+02
   7.9080707e+02   2.8063363e+02
   7.9132855e+02   2.7566442e+02
   7.9178602e+02   2.7114706e+02
   7.9225171e+02   2.6637423e+02
   7.9267068e+02   2.6190717e+02
   7.9311337e+02   2.5697961e+02
   7.9348657e+02   2.5263173e+02
   7.9390661e+02   2.4748535e+02
   7.9430008e+02   2.4237084e+02
   7.9467148e+02   2.3722024e+02
   7.9496711e+02   2.3284046e+02
   7.9524638e+02   2.2841691e+02
   7.9547427e+02   2.2454899e+02
   7.9571006e+02   2.2023561e+02
   7.9594687e+02   2.1548378e+02
   7.9615511e+02   2.1082445e+02
   7.9634524e+02   2.0599589e+02
   7.9649350e+02   2.0164810e+02
   7.9662901e+02   1.9693661e+02
   7.9673975e+02   1.9212353e+02
   7.9681869e+02   1.8752881e+02
   7.9687271e+02   1.8270590e+02
   7.9689661e+02   1.7778456e+02
   7.9689037e+02   1.7332960e+02
   7.9685183e+02   1.6839995e+02
   7.9679603e+02   1.6442705e+02
   7.9670677e+02   1.5997943e+02
   7.9658744e+02   1.5549334e+02
   7.9646964e+02   1.5188449e+02
   7.9629985e+02   1.4750064e+02
   7.9611598e+02   1.4344084e+02
   7.9591031e+02   1.3945986e+02
   7.9557885e+02   1.3388046e+02
   7.9528430e+02   1.2952521e+02
   7.9503770e+02   1.2619842e+02
   7.9466416e+02   1.2158492e+02
   7.9430438e+02   1.1752307e+02
   7.9396898e+02   1.1400553e+02
   7.9353865e+02   1.0980198e+02
   7.9307775e+02   1.0561720e+02
   7.9259312e+02   1.0150857e+02
   7.9211562e+02   9.7705044e+01
   7.9150963e+02   9.3171930e+01
   7.9096609e+02   8.9343794e+01
   7.9036903e+02   8.5360008e+01
   7.8976995e+02   8.1562158e+01
   7.8921908e+02   7.8132154e+01
   7.8858710e+02   7.3946477e+01
   7.8805363e+02   6.9558927e+01
   7.8779785e+02   6.5876320e+01
   7.8782850e+02   6.2429051e+01
   7.8811435e+02   5.9920104e+01
   7.8869883e+02   5.7597088e+01
   7.8969195e+02   5.5464873e+01
   7.9131325e+02   5.3535818e+01
   7.9310258e+02   5.2267934e+01
   7.9597161e+02   5.1074581e+01
   7.9807413e+02   5.0570015e+01
   8.0159280e+02   5.0146312e+01
   8.0451534e+02   5.0065801e+01
   8.0760968e+02   5.0167609e+01
   8.1171104e+02   5.0517680e+01
   8.1535462e+02   5.0979234e+01
   8.1896009e+02   5.1537592e+01
   8.2339615e+02   5.2323348e+01
   8.2764623e+02   5.3142283e+01
   8.3149095e+02   5.3910166e+01
   8.3575444e+02   5.4758556e+01
   8.3915747e+02   5.5406077e+01
   8.4241087e+02   5.5984731e+01
   8.4549012e+02   5.6489268e+01
   8.4914177e+02   5.7024448e+01
   8.5202226e+02   5.7392197e+01
   8.5502095e+02   5.7719383e+01
   8.5811244e+02   5.7994177e+01
   8.6085147e+02   5.8183683e+01
   8.6360343e+02   5.8323820e+01
   8.6691644e+02   5.8428985e+01
   8.7090220e+02   5.8472055e+01
   8.7419882e+02   5.8448009e+01
   8.7807551e+02   5.8362644e+01
   8.8184785e+02   5.8232101e+01
   8.8555540e+02   5.8068632e+01
   8.8970675e+02   5.7854788e+01
   8.9356344e+02   5.7635105e+01
   8.9856911e+02   5.7329837e+01
   9.0430323e+02   5.6963700e+01
   9.0903925e+02   5.6655100e+01
   9.1455941e+02   5.6294062e+01
   9.2037387e+02   5.5916724e+01
   9.2677080e+02   5.5508969e+01
   9.3381489e+02   5.5072091e+01
   9.4049091e+02   5.4674244e+01
   9.4655764e+02   5.4343514e+01
   9.5312113e+02   5.4042641e+01
   9.6044422e+02   5.3812134e+01
   9.6793445e+02   5.3750719e+01
   9.7399079e+02   5.3904361e+01
   9.8004259e+02   5.4372680e+01
   9.8527191e+02   5.5300268e+01
   9.8851249e+02   5.6463561e+01
   9.9084291e+02   5.8047535e+01
   9.9218661e+02   5.9993097e+01
   9.9264066e+02   6.2118205e+01
   9.9243827e+02   6.4422227e+01
   9.9171270e+02   6.6938723e+01
   9.9051456e+02   6.9768553e+01
   9.8880039e+02   7.3129964e+01
   9.8682788e+02   7.6720278e+01
   9.8489778e+02   8.0265810e+01
   9.8322841e+02   8.3567180e+01
   9.8169698e+02   8.6936624e+01
   9.8026279e+02   9.0474828e+01
   9.7898552e+02   9.4030832e+01
   9.7785459e+02   9.7600895e+01
   9.7679032e+02   1.0145107e+02
   9.7590614e+02   1.0515274e+02
   9.7506160e+02   1.0930820e+02
   9.7437425e+02   1.1336829e+02
   9.7380943e+02   1.1743902e+02
   9.7336881e+02   1.2139936e+02
   9.7304413e+02   1.2512159e+02
   9.7278611e+02   1.2907516e+02
   9.7259963e+02   1.3332804e+02
   9.7250162e+02   1.3739344e+02
   9.7247443e+02   1.4113544e+02
   9.7250675e+02   1.4517476e+02
   9.7261017e+02   1.4964857e+02
   9.7279433e+02   1.5450571e+02
   9.7304838e+02   1.5942781e+02
   9.7338008e+02   1.6461458e+02
   9.7369885e+02   1.6892120e+02
   9.7413225e+02   1.7416233e+02
   9.7458123e+02   1.7912120e+02
   9.7503210e+02   1.8378529e+02
   9.7548110e+02   1.8821387e+02
   9.7600392e+02   1.9318254e+02
   9.7656288e+02   1.9834506e+02
   9.7715407e+02   2.0370487e+02
   9.7766634e+02   2.0831025e+02
   9.7818298e+02   2.1295388e+02
   9.7873313e+02   2.1793362e+02
   9.7926348e+02   2.2280469e+02
   9.7985011e+02   2.2832137e+02
   9.8044483e+02   2.3411557e+02
   9.8088380e+02   2.3857168e+02
   9.8146235e+02   2.4476566e+02
   9.8187173e+02   2.4944670e+02
   9.8229973e+02   2.5470916e+02
   9.8276458e+02   2.6104048e+02
   9.8306615e+02   2.6566253e+02
   9.8339429e+02   2.7143668e+02
   9.8369912e+02   2.7806084e+02
   9.8388596e+02   2.8342878e+02
   9.8403998e+02   2.9022409e+02
   9.8409863e+02   2.9607378e+02
   9.8409564e+02   3.0178638e+02
   9.8403591e+02   3.0768810e+02
   9.8390016e+02   3.1461084e+02
   9.8375711e+02   3.1979400e+02
   9.8357000e+02   3.2531859e+02
   9.8335108e+02   3.3084644e+02
   9.8307693e+02   3.3695944e+02
   9.8280471e+02   3.4248080e+02
   9.8244992e+02   3.4916036e+02
   9.8208927e+02   3.5556960e+02
   9.8171658e+02   3.6195283e+02
   9.8136306e+02   3.6789230e+02
   9.8101511e+02   3.7371630e+02
   9.8071591e+02   3.7877128e+02
   9.8038326e+02   3.8452024e+02
   9.8008362e+02   3.8990197e+02
   9.7973435e+02   3.9658311e+02
   9.7948574e+02   4.0177590e+02
   9.7926442e+02   4.0691436e+02
   9.7906158e+02   4.1237679e+02
   9.7890429e+02   4.1761576e+02
   9.7878853e+02   4.2293004e+02
   9.7872318e+02   4.2838081e+02
   9.7871933e+02   4.3359259e+02
   9.7877599e+02   4.3849744e+02
   9.7888993e+02   4.4310245e+02
   9.7907934e+02   4.4788943e+02
   9.7931845e+02   4.5217454e+02
   9.7968408e+02   4.5707973e+02
   9.8014775e+02   4.6185358e+02
   9.8068257e+02   4.6624639e+02
   9.8125850e+02   4.7015575e+02
   9.8208665e+02   4.7481407e+02
   9.8282344e+02   4.7830369e+02
   9.8364698e+02   4.8168432e+02
   9.8452732e+02   4.8484856e+02
   9.8554340e+02   4.8819612e+02
   9.8663095e+02   4.9176164e+02
   9.8745167e+02   4.9475386e+02
   9.8808435e+02   4.9787445e+02
   9.8828639e+02   5.0016831e+02
   9.8815868e+02   5.0220736e+02
   9.8719732e+02   5.0498587e+02
   9.8575135e+02   5.0675249e+02
   9.8297582e+02   5.0851904e+02
   9.7978672e+02   5.0960915e+02
   9.7594228e+02   5.1032973e+02
   9.6999227e+02   5.1078910e+02
   9.6276164e+02   5.1076258e+02
   9.5213333e+02   5.1008623e+02
   9.4305399e+02   5.0914886e+02
   9.3405196e+02   5.0800708e+02
   9.3405196e+02   5.0800708e+02
